	id	distance	speed	recycleTime	slots	damage	tonnage	heat	cost	ammo	
acweaponsubsystem
hvac2	96	1200.0	4000.0	1.0	1	2.0	7.0	0.1	110250	720	
lac5	95	600.0	3000.0	1.0	1	2.5	7.0	0.125	91875	360	
lac2	94	800.0	3500.0	0.75	1	1.25	5.0	0.075	78562	720	
ac2	80	1000.0	3500.0	0.75	1	1.25	6.0	0.075	78562	720	
ac20	102	400.0	2000.0	5.0	3	20.0	15.0	1.0	436590	180	
ac10	101	600.0	2000.0	3.0	2	10.0	12.0	0.5	290769	216	
ac5	100	800.0	3000.0	1.0	1	2.5	8.0	0.125	91875	360	
hvac5	97	1000.0	3500.0	1.5	2	4.0	9.0	0.15	110250	360	
hvac10	98	800.0	3000.0	4.0	3	12.0	14.0	0.75	348922	216	
hvac20	99	500.0	2500.0	6.0	4	24.0	17.0	1.5	436590	180	
arrowweaponsubsystem
aarrowheavy	46	1200.0	15.0	6.0	4	28.0	15.0	2.0	1400000	180	
arrowheavy	74	1200.0	15.0	6.0	3	28.0	14.0	2.0	1010625	135	
arrowcluster	73	1200.0	15.0	6.0	3	32.0	18.0	3.5	1051111	135	
artillerystrikeweaponsubsystem
artillerystrike	78	400.0	575.0	8.0	1	0.0	5.0	2.5	750000	6	
baweaponsubsystem
mortar	91	1500.0	100.0	7.0	6	4.0	0.5	0.0	22000	360	
claw	79	10.0	20.0	2.0	7	10.0	0.0	0.0	100580	0	
maggaussrifle	92	800.0	3500.0	6.0	6	5.5	0.5	0.0	110000	576	
supportlaser	31	400.0		2.0	5	2.0	0.25	0.0	100686	0	
srm	35	400.0	30.0	2.0	5	3.0	0.25	0.0	53625	360	
smg	80	200.0	2000.0	0.025	5	0.15	0.25	0.0	37280	30000	
lrm	34	1000.0	10.0	5.0	6	6.0	0.5	0.0	74074	360	
assaultlaser	32	200.0		5.0	6	8.0	0.5	0.0	100686	0	
flamer	33	125.0	400.0	0.2	7	0.5	0.75	0.0	29109	8400	
arrow	43	1000.0	15.0	6.0	7	8.0	0.75	0.0	100000	168	
inferno_srm2	45	400.0	30.0	2.0	6	1.0	0.5	0.0	63522	360	
bombweaponsubsystem
srmbomb	-1	360.0	2.0	3.0	1	2.0	6.0	0.0	0	0	
flamerweaponsubsystem
clanflamer	27	150.0	400.0	4.0	2	1.0	0.5	2.0	29109	0	
flamer	26	150.0	400.0	4.0	2	1.0	1.0	2.0	14555	0	
flareweaponsubsystem
ohflare	44	1000.0	30.0	5.0	1	0.0	1.0	1.0	53625	75	
flare	77	1000.0	800.0	2.0	1	0.0	1.0	0.5	12111	90	
gaussweaponsubsystem
railgun	83	1000.0	2500.0	10.0	7	56.0	28.0	5.0	700000	210	
clangaussrifle	120	800.0	2500.0	7.0	3	18.0	13.0	0.5	539791	216	
gaussrifle	118	800.0	2500.0	6.0	3	18.0	16.0	0.5	438580	216	
heavygaussrifle	119	600.0	2500.0	8.0	4	29.0	18.0	1.0	658275	192	
lightgaussrifle	117	1200.0	2500.0	6.0	2	12.0	13.0	0.4	379077	180	
minigaussrifle	88	1000.0	3500.0	6.0	1	8.0	9.0	0.25	310000	135	
laserweaponsubsystem
coolpod	29	0.0	0.0	20.0	2	0.0	4.0	-15.0	300000	30	
assaultlaser	24	300.0		6.0	3	20.0	5.0	9.5	836720	0	
heavysmalllaser	23	150.0		3.0	1	2.5	0.5	1.0	101120	0	
taglaser	28	1000.0		0.0	1	0.0	1.0	0.1	122987	0	
largebeamlaser	20	900.0		0.0	2	1.5	6.0	0.55	625214	0	
smallcoolpod	30	0.0	0.0	15.0	1	0.0	2.0	-5.0	150000	30	
erlargelaser	3	800.0		5.0	2	7.5	4.0	4.5	492188	0	
ermediumlaser	4	400.0		3.0	1	3.0	1.0	1.5	149920	0	
ersmalllaser	5	200.0		2.0	1	2.0	0.5	0.75	101120	0	
largelaser	0	650.0		5.0	2	7.5	5.0	3.0	438281	0	
mediumlaser	1	300.0		3.0	1	2.5	1.0	0.875	115556	0	
smalllaser	2	150.0		2.0	1	1.75	0.5	0.5	77160	0	
heavylargelaser	21	500.0		5.0	3	16.0	4.0	9.0	836720	0	
heavymediumlaser	22	300.0		4.0	2	6.0	1.0	2.5	254864	0	
lbxacweaponsubsystem
lbxac5	85	700.0	2000.0	2.6	1	7.0	8.0	0.25	325668	216	
clanlbxac5	86	700.0	2000.0	3.0	1	7.0	7.0	0.25	365268	216	
clanlbxac10	105	450.0	2000.0	4.0	2	14.0	10.0	0.5	510213	216	
clanlbxac20	106	350.0	2000.0	6.0	3	28.0	12.0	1.0	1135348	180	
lbxac10	103	450.0	2000.0	3.3	2	14.0	12.0	0.5	425177	216	
lbxac20	104	350.0	2000.0	5.0	3	28.0	15.0	1.0	908279	180	
longtomweaponsubsystem
thumper	93	2000.0	100.0	4.0	3	16.0	15.0	4.0	489375	270	
napalmthumper	90	2000.0	100.0	10.0	3	1.0	8.0	2.0	165000	45	
smokelauncher	89	2000.0	100.0	30.0	3	1.0	1.0	6.0	64000	54	
longtom	123	2000.0	100.0	7.0	3	35.0	20.0	9.0	489375	162	
lrmweaponsubsystem
atm6m	47	650.0	10.0	6.0	1	6.0	4.5	1.2	237037	432	
atm12m	48	650.0	10.0	6.0	2	6.0	8.0	1.8	579424	864	
atm6e	49	1200.0	10.0	6.0	1	4.5	4.5	1.2	237037	432	
atm12e	50	1200.0	10.0	6.0	2	4.5	8.0	1.8	579424	864	
alrm20	37	1200.0	10.0	5.0	3	5.0	9.0	1.2	344781	2160	
ilrm20	38	1000.0	10.0	7.0	2	2.0	10.0	2.5	344781	1440	
tlrm20	39	1000.0	10.0	7.0	2	5.0	10.0	2.5	344781	1440	
atm3m	45	650.0	10.0	6.0	1	6.0	2.5	0.6	135000	432	
atm3e	46	1200.0	10.0	6.0	1	4.5	2.5	0.6	135000	432	
alrm5	34	1200.0	10.0	5.0	2	5.0	3.5	0.4	74074	1440	
alrm10	36	1200.0	10.0	5.0	2	5.0	5.5	0.8	148148	1440	
alrm15	36	1200.0	10.0	5.0	3	5.0	7.0	1.0	260000	2160	
ailrm10	32	1200.0	10.0	5.0	2	2.0	6.0	1.2	344781	1440	
atlrm10	33	1200.0	10.0	7.0	2	5.0	6.0	2.0	344781	1440	
clanlrm10	56	1000.0	10.0	6.0	1	4.0	3.5	1.2	237037	720	
clanlrm15	57	1000.0	10.0	6.0	2	4.0	4.5	1.5	426667	1440	
clanlrm20	58	1000.0	10.0	6.0	2	4.0	6.0	1.8	579424	1440	
clanlrm5	55	1000.0	10.0	6.0	1	4.0	2.0	0.6	103704	720	
lrm10	52	1000.0	10.0	5.0	1	4.0	4.5	0.8	148148	720	
lrm15	53	1000.0	10.0	5.0	2	4.0	6.0	1.0	260000	1440	
lrm20	54	1000.0	10.0	5.0	2	4.0	8.0	1.2	344781	1440	
lrm5	51	1000.0	10.0	5.0	1	4.0	2.5	0.4	74074	720	
sharedlrm	-1	1000.0	10.0	4.0	1	4.0	0.0	0.0	0	0	
sharedclrm	-1	1000.0	10.0	6.0	1	4.0	0.0	0.0	0	0	
machinegunweaponsubsystem
lightmachinegun	87	600.0	2000.0	0.3	1	0.3	1.0	0.0	40000	5400	
heavymachinegun	84	150.0	1000.0	0.3	1	0.75	3.0	0.0	93012	1800	
clanmachinegun	122	400.0	2000.0	0.3	1	0.5	2.0	0.0	77280	3600	
machinegun	121	400.0	2000.0	0.3	1	0.375	1.5	0.0	59168	2700	
mrmweaponsubsystem
mrm10	59	500.0	30.0	3.0	1	7.0	4.0	0.6	69127	1080	
mrm20	60	500.0	30.0	3.0	2	7.0	7.0	1.2	172817	2160	
mrm30	61	500.0	30.0	3.0	2	7.0	10.0	1.5	291722	2160	
mrm40	62	500.0	30.0	3.0	3	7.0	13.0	1.8	447785	3240	
sharedmrm	-1	400.0	30.0	5.0	1	9.0	0.0	0.0	0	0	
narcbeaconweaponsubsystem
clannarcbeacon	76	800.0	875.0	3.0	1	0.1	2.0	0.5	21452	18	
narcbeacon	75	700.0	875.0	3.0	1	0.1	4.0	0.5	15838	18	
plasmaweaponsubsystem
plasmacannon	25	600.0	2500.0	8.0	4	30.0	10.0	14.0	958631	0	
ppcweaponsubsystem
lppc	18	875.0	3750.0	3.0	4	12.0	8.0	6.0	489501	0	
ltppc	19	875.0	3750.0	6.0	2	8.0	5.0	4.0	305877	0	
erppc	16	925.0	3750.0	8.0	3	15.0	6.0	7.5	653333	0	
ppc	15	850.0	3750.0	6.0	3	12.0	7.0	5.5	356738	0	
zeroppc	15	720.0	2000.0	6.0	2	1.0	7.0	4.5	0	0	
capppc	17	850.0	3750.0	8.0	4	18.0	8.0	8.25	489501	0	
pulselaserweaponsubsystem
erlargepulselaser	12	800.0		0.75	2	4.5	6.0	2.7	772333	0	
ermediumpulselaser	13	400.0		0.5	1	1.75	2.0	0.875	219333	0	
ersmallpulselaser	14	200.0		0.25	1	0.75	1.0	0.25	155306	0	
largepulselaser	6	650.0		0.75	2	4.5	7.0	1.8	629200	0	
mediumpulselaser	7	300.0		0.5	1	1.5	2.0	0.5	186615	0	
smallpulselaser	8	150.0		0.25	1	0.7	1.0	0.2	122987	0	
largexpulselaser	9	700.0		1.5	2	5.75	5.0	3.166666	545168	0	
mediumxpulselaser	10	400.0		1.0	1	2.75	2.5	1.375	312003	0	
smallxpulselaser	11	200.0		0.5	1	1.5	1.5	0.625	200686	0	
rocketweaponsubsystem
rl	42	500.0	30.0	0.5	2	4.0	1.5	0.75	63890	120	
heavyrl	41	2000.0	0.0	1.0	3	20.0	8.0	3.0	63890	270	
heavyirl	40	2000.0	0.0	1.0	3	1.0	8.0	2.0	60000	270	
rtxacweaponsubsystem
clanrtxac20	82	400.0	2000.0	0.75	3	8.0	14.0	0.5	720000	270	
clanrtxac10	81	550.0	2000.0	0.5	2	4.5	12.0	0.25	520000	360	
rtxac2	107	900.0	2000.0	0.25	2	1.85	8.0	0.075	334274	720	
rtxac5	108	550.0	2000.0	0.3	2	2.5	10.0	0.125	513907	600	
shorttomweaponsubsystem
shorttom	-1	1200.0	100.0	6.0	1	28.0	1.0	0.5	0	1440	
smrmweaponsubsystem
smrm10	63	500.0	30.0	5.0	1	7.0	4.0	0.8	124800	1080	
smrm20	64	500.0	30.0	5.0	2	7.0	7.0	1.6	312000	2160	
smrm30	65	500.0	30.0	5.0	2	7.0	10.0	2.0	525132	2160	
smrm40	66	500.0	30.0	5.0	3	7.0	13.0	2.4	804571	3240	
sharedsmrm	-1	400.0	30.0	7.0	1	7.0	0.0	0.0	0	0	
srmweaponsubsystem
sharedsrm	-1	250.0	30.0	2.0	1	1.5	0.0	0.0	0	0	
inferno_sharedsrm	-1	250.0	30.0	2.0	1	1.0	0.0	0.0	0	0	
srm2	67	250.0	30.0	2.0	1	1.5	2.0	0.2	53625	360	
srm4	68	250.0	30.0	2.0	1	1.5	3.0	0.3	156000	360	
srm6	69	250.0	30.0	2.0	2	1.5	4.0	0.4	274219	720	
inferno_srm2	43	250.0	30.0	3.0	1	1.0	2.0	0.4	63522	180	
inferno_srm4	-1	250.0	30.0	2.0	1	1.0	3.0	0.3	10	360	
inferno_srm6	-1	250.0	30.0	2.0	2	1.0	4.0	0.4	17	720	
inferno_srm2	43	250.0	30.0	3.0	1	1.0	2.0	0.4	63522	180	
ssrmweaponsubsystem
hssrm	-1	250.0	15.0	3.0	1	1.5	1.0	0.3	0	500	
sharedssrm	-1	250.0	15.0	3.0	1	1.5	0.0	0.0	0	0	
ssrm2	70	250.0	15.0	3.0	1	1.5	2.0	0.3	87891	360	
ssrm4	71	250.0	15.0	3.0	1	1.5	3.0	0.45	250000	360	
ssrm6	72	250.0	15.0	3.0	2	1.5	4.0	0.6	435059	720	
ultraacweaponsubsystem
clanultraac2	113	1000.0	3000.0	1.0	1	1.25	6.0	0.1	126389	720	
clanultraac5	114	750.0	3000.0	1.5	1	2.5	8.0	0.15	194444	360	
clanultraac10	115	500.0	2000.0	4.0	2	9.0	13.0	0.75	581538	216	
clanultraac20	116	350.0	2000.0	6.0	3	18.0	16.0	1.5	1036800	180	
ultraac2	109	1000.0	3000.0	0.75	1	1.25	8.0	0.1	94792	720	
ultraac5	110	750.0	3000.0	1.2	1	2.5	10.0	0.15	142222	360	
ultraac10	111	500.0	2000.0	3.5	2	9.0	15.0	0.75	472500	216	
ultraac20	112	350.0	2000.0	5.3	3	18.0	18.0	1.5	933120	180	
